all
1
251
0
0
0
0
0
0
0
0
0
0
0
0
0
0
0
0
0
0
0
0
0
0
0
0
0
0
0
0
0
0
treasure
11
71
110
110
113
115
125
145
154
169
176
193
213
220
230
234
244
251
0
0
0
0
0
0
0
0
0
0
0
0
0
0
key
79
83
170
170
239
239
0
0
0
0
0
0
0
0
0
0
0
0
0
0
0
0
0
0
0
0
0
0
0
0
0
0
torch
84
86
0
0
0
0
0
0
0
0
0
0
0
0
0
0
0
0
0
0
0
0
0
0
0
0
0
0
0
0
0
0
weapon
1
11
108
110
115
115
128
129
144
145
191
193
208
210
227
229
241
243
0
0
0
0
0
0
0
0
0
0
0
0
0
0
mobile
87
107
111
111
117
124
149
153
194
201
222
226
0
0
0
0
0
0
0
0
0
0
0
0
0
0
0
0
0
0
0
0
orc
87
89
222
222
0
0
0
0
0
0
0
0
0
0
0
0
0
0
0
0
0
0
0
0
0
0
0
0
0
0
0
0
kobold
94
97
151
151
0
0
0
0
0
0
0
0
0
0
0
0
0
0
0
0
0
0
0
0
0
0
0
0
0
0
0
0
fruit
26
30
0
0
0
0
0
0
0
0
0
0
0
0
0
0
0
0
0
0
0
0
0
0
0
0
0
0
0
0
0
0
food
26
31
172
172
78
78
237
238
0
0
0
0
0
0
0
0
0
0
0
0
0
0
0
0
0
0
0
0
0
0
0
0
bird
92
93
0
0
0
0
0
0
0
0
0
0
0
0
0
0
0
0
0
0
0
0
0
0
0
0
0
0
0
0
0
0
shell
69
71
218
218
0
0
0
0
0
0
0
0
0
0
0
0
0
0
0
0
0
0
0
0
0
0
0
0
0
0
0
0
coin
50
53
68
68
60
60
127
127
154
154
164
164
183
183
0
0
0
0
0
0
0
0
0
0
0
0
0
0
0
0
0
0
armour
203
207
234
234
0
0
0
0
0
0
0
0
0
0
0
0
0
0
0
0
0
0
0
0
0
0
0
0
0
0
0
0
bow
227
228
0
0
0
0
0
0
0
0
0
0
0
0
0
0
0
0
0
0
0
0
0
0
0
0
0
0
0
0
0
0
gem
14
14
22
25
40
40
42
43
46
49
125
126
132
133
141
143
155
162
216
216
0
0
0
0
0
0
0
0
0
0
0
0
fossil
136
137
0
0
0
0
0
0
0
0
0
0
0
0
0
0
0
0
0
0
0
0
0
0
0
0
0
0
0
0
0
0
container
56
56
112
112
147
148
171
171
178
178
211
213
221
221
230
230
0
0
0
0
0
0
0
0
0
0
0
0
0
0
0
0
