water
fresh water
53
26
32
34
47
48
52
87
89
90
91
92
93
107
101
108
109
194
195
196
197
198
199
208
209
449
450
448
451
486
494
499
500
501
502
503
504
505
506
507
508
509
536
537
548
549
550
569
570
571
771
871
886
887
ooze
foul muddy ooze
7
57
213
308
538
539
540
541
seawater
seawater
25
29
59
66
67
68
80
214
215
340
341
344
345
348
349
351
352
353
354
358
359
363
422
423
431
432
wine
strong red wine
1
547
beer
beer
1
316
fluid
strange green fluid
0
acid
dilute sulphuric acid
9
780
781
782
784
786
787
788
789
790
